#HBond      #   #  Occupancy%   inter?  Label
 156       24  25     0.012       1    A24@N-H...I25@N
 218       38  39     0.012       1    A38@N-H...T39@OG1
 108       15  16     0.012       1    V15@N-H...C16@N
 184       29  31     0.012       1    Y29@N-H...G31@N
  93       13  14     0.024       1    F13@N-H...N14@N
 138       20  19     0.024       1    G20@N-H...P19@N
 161       25  26     0.024       1    I25@N-H...C26@N
 118       17  18     0.024       1    R17@N-H...L18@N
 150       21  23     0.024       1    T21@OG1-HG1...E23@O
 223       39  40     0.024       1    T39@N-H...C40@N
 113       16  17     0.037       1    C16@N-H...R17@N
 166       26  27     0.037       1    C26@N-H...A27@N
 206       32  44     0.037       1    C32@N-H...Y44@OH
  34        4  10     0.037       1    C4@N-H...R10@NH1
  99       14  15     0.037       1    N14@N-H...V15@N
 119       17  23     0.037       1    R17@N-H...E23@OE1
 126       17  21     0.037       1    R17@NH1-HH11...T21@N
  73       11  12     0.037       1    S11@N-H...N12@N
 224       39  37     0.037       1    T39@OG1-HG1...G37@O
 238       44  43     0.037       1    Y44@N-H...D43@OD1
  85       12  11     0.049       1    N12@ND2-HD21...S11@O
  67       10   4     0.049       1    R10@NH2-HH21...C4@O
 175       28  29     0.049       1    T28@N-H...Y29@N
 191       30  31     0.049       1    T30@N-H...G31@N
 183       29  30     0.049       1    Y29@N-H...T30@N
 244       45  46     0.061       1    A45@N-H...N46@N
  88       13   8     0.061       1    F13@N-H...V8@O
 213       37  36     0.061       1    G37@N-H...P36@N
 121       17  18     0.061       1    R17@NE-HE...L18@N
  76       11  12     0.061       1    S11@OG-HG...N12@N
 109       15  17     0.061       1    V15@N-H...R17@N
 170       27  29     0.073       1    A27@N-H...Y29@N
  30        3  32     0.073       1    C3@N-H...C32@O
  33        4   2     0.073       1    C4@N-H...T2@O
 154       23  24     0.073       1    E23@N-H...A24@N
  92       13  12     0.073       1    F13@N-H...N12@OD1
  77       11  14     0.073       1    S11@OG-HG...N14@ND2
  27        2  34     0.073       1    T2@OG1-HG1...I34@N
 239       44  43     0.073       1    Y44@N-H...D43@OD2
  51        9   7     0.085       1    A9@N-H...I7@O
 235       43  44     0.085       1    D43@N-H...Y44@N
 139       20  21     0.085       1    G20@N-H...T21@N
 162       25  27     0.085       1    I25@N-H...A27@N
 103       14  17     0.085       1    N14@ND2-HD21...R17@NE
 130       17  23     0.098       1    R17@NH2-HH21...E23@OE2
 231       42  43     0.110       1    G42@N-H...D43@N
  24        2  32     0.110       1    T2@OG1-HG1...C32@O
 217       38  39     0.122       1    A38@N-H...T39@N
  25        2  33     0.134       1    T2@OG1-HG1...I33@N
  49        8  11     0.134       1    V8@N-H...S11@OG
  31        3  33     0.146       1    C3@N-H...I33@N
 112       16  14     0.159       1    C16@N-H...N14@O
  57       10  46     0.159       1    R10@NE-HE...N46@ND2
  64       10  46     0.159       1    R10@NH1-HH11...N46@OC1
  29        3  10     0.171       1    C3@N-H...R10@NH2
 252       46  45     0.171       1    N46@ND2-HD21...A45@O
 246       46   5     0.171       1    N46@N-H...P5@O
  19        2   3     0.171       1    T2@OG1-HG1...C3@O
 219       38  39     0.183       1    A38@N-H...T39@O
 250       46   5     0.183       1    N46@ND2-HD21...P5@O
  55       10  13     0.183       1    R10@N-H...F13@N
   3        1   2     0.183       1    T1@N-H1...T2@OG1
  84       12   9     0.195       1    N12@ND2-HD21...A9@O
  54       10   8     0.207       1    R10@N-H...V8@O
   7        1  37     0.207       1    T1@N-H1...G37@N
 149       21  23     0.232       1    T21@OG1-HG1...E23@N
  65       10  46     0.256       1    R10@NH1-HH11...N46@OC2
 122       17  22     0.256       1    R17@NE-HE...P22@O
  28        3   1     0.281       1    C3@N-H...T1@O
 134       18  20     0.305       1    L18@N-H...G20@N
 165       26  24     0.354       1    C26@N-H...A24@O
 151       23  16     0.354       1    E23@N-H...C16@O
  91       13  11     0.378       1    F13@N-H...S11@O
 157       24  26     0.390       1    A24@N-H...C26@N
  46        7  46     0.390       1    I7@N-H...N46@OD1
  63       10  14     0.415       1    R10@NH1-HH11...N14@OD1
  18        2   3     0.439       1    T2@OG1-HG1...C3@N
 169       27  25     0.464       1    A27@N-H...I25@O
  48        8   6     0.464       1    V8@N-H...S6@O
 102       14  13     0.525       1    N14@ND2-HD21...F13@O
 227       39  40     0.537       1    T39@OG1-HG1...C40@N
  40        6  46     0.586       1    S6@N-H...N46@ND2
 198       30  31     0.598       1    T30@OG1-HG1...G31@O
 203       31  29     0.634       1    G31@N-H...Y29@O
 173       28  26     0.659       1    T28@N-H...C26@O
 192       30   9     0.659       1    T30@OG1-HG1...A9@O
 200       31  26     0.708       1    G31@N-H...C26@O
  62       10  13     0.708       1    R10@NH1-HH11...F13@O
 146       21  17     0.708       1    T21@OG1-HG1...R17@O
 229       40  38     0.756       1    C40@N-H...A38@O
  23        2  23     0.769       1    T2@OG1-HG1...E23@OE2
 190       30  28     0.817       1    T30@N-H...T28@O
  21        2  10     0.830       1    T2@OG1-HG1...R10@NH2
 104       14  17     0.915       1    N14@ND2-HD21...R17@NH2
 247       46  44     0.927       1    N46@N-H...Y44@O
  75       11   8     1.025       1    S11@OG-HG...V8@O
 140       20  21     1.061       1    G20@N-H...T21@OG1
 133       18  16     1.074       1    L18@N-H...C16@O
 179       28  29     1.086       1    T28@OG1-HG1...Y29@N
 114       16  29     1.110       1    C16@N-H...Y29@OH
 228       39  40     1.135       1    T39@OG1-HG1...C40@O
  47        7  46     1.208       1    I7@N-H...N46@ND2
   4        1  23     1.257       1    T1@N-H1...E23@OE2
 125       17  20     1.342       1    R17@NH1-HH11...G20@O
 129       17  23     1.415       1    R17@NH2-HH21...E23@OE1
  80       12  10     1.440       1    N12@N-H...R10@O
 211       35  33     1.549       1    I35@N-H...I33@O
 215       38  35     1.598       1    A38@N-H...I35@O
  26        2  33     1.647       1    T2@OG1-HG1...I33@O
 128       17  14     1.732       1    R17@NH2-HH21...N14@OD1
 135       20  16     1.757       1    G20@N-H...C16@O
  11        1  37     1.781       1    T1@OG1-HG1...G37@N
 120       17  14     1.806       1    R17@NE-HE...N14@OD1
  43        6   7     1.806       1    S6@OG-HG...I7@N
  38        6   4     2.013       1    S6@N-H...C4@O
 143       21  19     2.074       1    T21@N-H...P19@O
  56       10   9     2.135       1    R10@NE-HE...A9@O
 131       18  14     2.159       1    L18@N-H...N14@O
  22        2  23     2.196       1    T2@OG1-HG1...E23@OE1
 197       30  31     2.245       1    T30@OG1-HG1...G31@N
 216       38  36     2.355       1    A38@N-H...P36@O
 195       30  27     2.367       1    T30@OG1-HG1...A27@O
   6        1  36     2.525       1    T1@N-H1...P36@O
 225       39  38     2.660       1    T39@OG1-HG1...A38@O
 141       21  16     2.672       1    T21@N-H...C16@O
  13        1  38     2.745       1    T1@OG1-HG1...A38@N
  16        2   1     2.806       1    T2@OG1-HG1...T1@O
  35        4  10     2.867       1    C4@N-H...R10@NH2
 182       29  27     3.038       1    Y29@N-H...A27@O
 147       21  19     3.062       1    T21@OG1-HG1...P19@O
 208       33  31     3.416       1    I33@N-H...G31@O
 123       17  23     3.513       1    R17@NE-HE...E23@OE1
 115       17  13     3.538       1    R17@N-H...F13@O
 107       15  13     3.672       1    V15@N-H...F13@O
  96       14  12     3.733       1    N14@N-H...N12@O
   9        1  35     3.818       1    T1@OG1-HG1...I35@O
 148       21  20     3.965       1    T21@OG1-HG1...G20@O
 176       28  24     3.965       1    T28@OG1-HG1...A24@O
 205       32  30     3.977       1    C32@N-H...T30@O
 209       33  44     4.160       1    I33@N-H...Y44@OH
 249       46   4     4.477       1    N46@ND2-HD21...C4@O
 193       30  12     4.624       1    T30@OG1-HG1...N12@OD1
 100       14  10     4.709       1    N14@ND2-HD21...R10@O
 163       26  22     4.831       1    C26@N-H...P22@O
 243       45  43     4.941       1    A45@N-H...D43@O
  41        6   5     5.124       1    S6@OG-HG...P5@O
 117       17  15     5.221       1    R17@N-H...V15@O
 187       29  13     5.380       1    Y29@OH-HH...F13@O
 242       45   5     5.465       1    A45@N-H...P5@O
 177       28  25     5.490       1    T28@OG1-HG1...I25@O
 159       25  22     5.673       1    I25@N-H...P22@O
  14        1  38     5.880       1    T1@OG1-HG1...A38@O
 230       42  40     5.892       1    G42@N-H...C40@O
  20        2  10     5.892       1    T2@OG1-HG1...R10@NH1
  10        1  36     6.429       1    T1@OG1-HG1...P36@O
 171       28  24     6.454       1    T28@N-H...A24@O
 212       37  35     6.466       1    G37@N-H...I35@O
  60       10   2     6.527       1    R10@NH1-HH11...T2@O
 101       14  11     6.698       1    N14@ND2-HD21...S11@O
 105       15  11     6.881       1    V15@N-H...S11@O
 241       45   4     6.942       1    A45@N-H...C4@O
 232       43  41     7.149       1    D43@N-H...P41@O
  12        1  37     7.161       1    T1@OG1-HG1...G37@O
  83       12   8     8.406       1    N12@ND2-HD21...V8@O
 237       44  42     8.906       1    Y44@N-H...G42@O
  71       11   8     9.150       1    S11@N-H...V8@O
  87       12  29     9.625       1    N12@ND2-HD21...Y29@OH
 181       29  26    10.113       1    Y29@N-H...C26@O
 145       21  16    10.833       1    T21@OG1-HG1...C16@O
 167       27  23    11.077       1    A27@N-H...E23@O
 185       29  12    11.541       1    Y29@OH-HH...N12@OD1
  94       14  10    11.724       1    N14@N-H...R10@O
 202       31  28    11.931       1    G31@N-H...T28@O
 189       30  27    13.005       1    T30@N-H...A27@O
  53       10   7    13.273       1    R10@N-H...I7@O
 220       39  37    13.468       1    T39@N-H...G37@O
 186       29  12    13.542       1    Y29@OH-HH...N12@O
 110       16  12    14.835       1    C16@N-H...N12@O
 137       20  18    14.896       1    G20@N-H...L18@O
 172       28  25    15.237       1    T28@N-H...I25@O
 199       30  32    15.811       1    T30@OG1-HG1...C32@N
 116       17  14    16.274       1    R17@N-H...N14@O
  50        9   6    16.738       1    A9@N-H...S6@O
 127       17  21    16.762       1    R17@NH1-HH11...T21@O
 160       25  23    16.884       1    I25@N-H...E23@O
  95       14  11    18.678       1    N14@N-H...S11@O
 168       27  24    18.714       1    A27@N-H...A24@O
  79       12   9    19.019       1    N12@N-H...A9@O
  44        6   8    20.032       1    S6@OG-HG...V8@N
  90       13  10    20.386       1    F13@N-H...R10@O
  45        6   9    20.581       1    S6@OG-HG...A9@N
 201       31  27    22.252       1    G31@N-H...A27@O
 240       44  31    23.008       1    Y44@OH-HH...G31@O
 142       21  17    24.448       1    T21@N-H...R17@O
  37        4  46    25.766       1    C4@N-H...N46@OC2
 204       32  27    27.473       1    C32@N-H...A27@O
 155       24  22    27.510       1    A24@N-H...P22@O
  74       11   7    28.071       1    S11@OG-HG...I7@O
 194       30  26    30.340       1    T30@OG1-HG1...C26@O
  66       10   2    30.426       1    R10@NH2-HH21...T2@O
 188       30  26    30.877       1    T30@N-H...C26@O
 111       16  13    31.329       1    C16@N-H...F13@O
 251       46   6    31.743       1    N46@ND2-HD21...S6@O
 152       23  21    32.158       1    E23@N-H...T21@O
 180       29  25    32.731       1    Y29@N-H...I25@O
  59       10  46    34.452       1    R10@NE-HE...N46@OC2
 136       20  17    35.903       1    G20@N-H...R17@O
 164       26  23    36.770       1    C26@N-H...E23@O
 106       15  12    37.697       1    V15@N-H...N12@O
 132       18  15    37.953       1    L18@N-H...V15@O
  89       13   9    38.355       1    F13@N-H...A9@O
 236       44  41    40.795       1    Y44@N-H...P41@O
  52       10   6    42.028       1    R10@N-H...S6@O
  78       12   8    43.382       1    N12@N-H...V8@O
  68       10  46    44.272       1    R10@NH2-HH21...N46@OC1
   5        1  35    45.004       1    T1@N-H1...I35@O
  58       10  46    46.944       1    R10@NE-HE...N46@OC1
  69       10  46    49.530       1    R10@NH2-HH21...N46@OC2
 245       46   4    50.640       1    N46@N-H...C4@O
  36        4  46    54.825       1    C4@N-H...N46@OC1
 207       33   3    55.569       1    I33@N-H...C3@O
 210       35   1    56.240       1    I35@N-H...T1@O
  32        3  33    61.815       1    C3@N-H...I33@O
  70       11   7    64.121       1    S11@N-H...I7@O
